0 0.1296875 0.8140625 0.2375 0.19296875
0 0.8515625 0.5296875 0.1734375 0.1046875
0 0.85234375 0.64609375 0.18515625 0.0875
0 0.38515625 0.17578125 0.11640625 0.0625
0 0.5796875 0.19765625 0.16875 0.06875
0 0.4421875 0.08984375 0.08984375 0.06640625
0 0.590625 0.12109375 0.15 0.0453125
0 0.60390625 0.08984375 0.2109375 0.0703125
0 0.51328125 0.4796875 0.47890625 0.27890625
0 0.6671875 0.2796875 0.14375 0.06328125
0 0.2578125 0.12109375 0.08359375 0.0375
0 0.3 0.06875 0.0796875 0.03671875
0 0.865625 0.1484375 0.06796875 0.04296875
0 0.77265625 0.159375 0.0609375 0.071875