0 0.74140625 0.61875 0.053125 0.1359375
0 0.78125 0.80625 0.08046875 0.140625
0 0.7046875 0.4296875 0.04765625 0.0796875
0 0.66796875 0.284375 0.0546875 0.084375
0 0.59140625 0.2140625 0.05390625 0.05078125
0 0.53828125 0.1453125 0.02890625 0.01484375
0 0.5265625 0.16953125 0.03359375 0.02265625
0 0.51015625 0.2953125 0.08203125 0.0796875
0 0.47421875 0.3796875 0.03828125 0.03125
0 0.5796875 0.42265625 0.065625 0.10390625
0 0.46796875 0.41953125 0.03515625 0.02578125
0 0.48359375 0.5609375 0.109375 0.06875