0 0.31015625 0.3890625 0.0375 0.0390625
0 0.34765625 0.34296875 0.05625 0.03046875
0 0.4 0.38515625 0.090625 0.0234375
0 0.39609375 0.4296875 0.09140625 0.0359375
0 0.46484375 0.3359375 0.04453125 0.03203125
0 0.534375 0.375 0.0765625 0.05078125
0 0.55234375 0.5015625 0.171875 0.11328125
0 0.5640625 0.81796875 0.2171875 0.21875
0 0.6484375 0.4 0.16328125 0.0640625
0 0.66015625 0.32890625 0.11796875 0.0546875
0 0.553125 0.27578125 0.08984375 0.02734375
0 0.59140625 0.296875 0.06796875 0.02890625
0 0.55625 0.32734375 0.040625 0.03515625
0 0.61171875 0.24375 0.0578125 0.02890625