0 0.06171875 0.4609375 0.10703125 0.078125
0 0.36953125 0.43984375 0.05703125 0.05625
0 0.5359375 0.30546875 0.04765625 0.04921875
0 0.6671875 0.31484375 0.10234375 0.0375
0 0.6265625 0.3671875 0.059375 0.03359375
0 0.55859375 0.26328125 0.02421875 0.021875
0 0.58046875 0.2453125 0.06015625 0.01171875
0 0.496875 0.5765625 0.09296875 0.06640625
0 0.40546875 0.665625 0.14765625 0.103125
0 0.68125 0.66484375 0.1953125 0.08671875
0 0.69921875 0.85390625 0.16171875 0.19453125
0 0.8015625 0.4359375 0.06953125 0.07265625
0 0.6265625 0.53515625 0.05078125 0.05625
0 0.41015625 0.28203125 0.0265625 0.01875
0 0.71640625 0.565625 0.03984375 0.05625
0 0.75859375 0.55 0.1296875 0.09140625
0 0.9046875 0.625 0.18125 0.715625