0 0.653125 0.81953125 0.25390625 0.184375
0 0.6578125 0.496875 0.19765625 0.096875
0 0.75078125 0.39140625 0.17890625 0.05390625
0 0.771875 0.3171875 0.11953125 0.0328125
0 0.6828125 0.29140625 0.12578125 0.05703125
0 0.690625 0.2859375 0.090625 0.02890625
0 0.65 0.31015625 0.04609375 0.015625
0 0.44765625 0.38984375 0.1046875 0.09453125
0 0.446875 0.3671875 0.08671875 0.0390625
0 0.44609375 0.41171875 0.08828125 0.03046875
0 0.53828125 0.321875 0.06796875 0.03359375
0 0.6265625 0.3578125 0.1640625 0.0515625