0 0.04296875 0.3234375 0.0609375 0.0234375
0 0.203125 0.32109375 0.0984375 0.025
0 0.04921875 0.3609375 0.08671875 0.0171875
0 0.2234375 0.34140625 0.121875 0.01875
0 0.05703125 0.3890625 0.10546875 0.0421875
0 0.41328125 0.3984375 0.09375 0.04375
0 0.68515625 0.478125 0.26171875 0.09296875
0 0.7375 0.61484375 0.221875 0.13046875
0 0.17265625 0.52109375 0.34453125 0.13515625
0 0.33046875 0.8515625 0.63828125 0.2765625
0 0.23671875 0.37265625 0.153125 0.0171875
0 0.92890625 0.50390625 0.14140625 0.11171875
0 0.95625 0.60859375 0.0875 0.078125