0 0.484375 0.8859375 0.09296875 0.11640625
0 0.34296875 0.8984375 0.10546875 0.12109375
0 0.39140625 0.98125 0.1265625 0.0375
0 0.109375 0.8375 0.11328125 0.1453125
0 0.209375 0.89375 0.078125 0.10703125
0 0.325 0.7359375 0.08671875 0.08828125
0 0.56796875 0.7671875 0.08046875 0.0828125
0 0.42109375 0.53828125 0.0359375 0.0375
0 0.46015625 0.5734375 0.05234375 0.0375
0 0.35625 0.53046875 0.071875 0.06328125
0 0.8078125 0.78515625 0.38203125 0.36015625
0 0.63515625 0.95703125 0.1171875 0.0859375
0 0.46953125 0.45078125 0.03359375 0.04296875
0 0.50859375 0.51953125 0.1 0.0921875
0 0.4265625 0.75390625 0.0984375 0.103125