0 0.4890625 0.77265625 0.1734375 0.33203125
0 0.48125 0.68203125 0.13828125 0.1296875
0 0.5171875 0.8484375 0.0921875 0.12734375
0 0.90625 0.13515625 0.165625 0.1
0 0.84453125 0.27734375 0.0328125 0.0328125
0 0.746875 0.246875 0.0609375 0.04296875
0 0.72109375 0.39609375 0.065625 0.06875
0 0.33203125 0.1140625 0.03515625 0.03515625
0 0.35 0.3078125 0.065625 0.0984375
0 0.1796875 0.29140625 0.13046875 0.08046875
0 0.146875 0.29765625 0.0640625 0.05234375
0 0.209375 0.2796875 0.0578125 0.04140625
0 0.2359375 0.3859375 0.096875 0.08515625
0 0.5828125 0.51640625 0.06484375 0.0703125
0 0.59296875 0.3875 0.065625 0.06171875
0 0.3703125 0.44453125 0.07109375 0.05859375
0 0.346875 0.54609375 0.09453125 0.08203125
0 0.50625 0.2046875 0.09375 0.04453125
0 0.26953125 0.2203125 0.0609375 0.05