0 0.17109375 0.47421875 0.08203125 0.04453125
0 0.1125 0.56015625 0.11015625 0.07734375
0 0.0921875 0.66484375 0.1375 0.10859375
0 0.06015625 0.821875 0.11953125 0.18125
0 0.2421875 0.65078125 0.121875 0.15390625
0 0.26015625 0.5140625 0.08359375 0.07109375
0 0.2640625 0.83203125 0.14296875 0.10546875
0 0.6 0.525 0.146875 0.0796875
0 0.5859375 0.53828125 0.06484375 0.0359375
0 0.553125 0.51171875 0.05078125 0.04453125
0 0.38359375 0.58515625 0.09375 0.08828125
0 0.7390625 0.7546875 0.08515625 0.0796875
0 0.34765625 0.70859375 0.0703125 0.05703125
0 0.5375 0.70234375 0.115625 0.07734375
0 0.4765625 0.91171875 0.21875 0.16171875
0 0.60703125 0.83359375 0.2078125 0.0984375
0 0.34296875 0.3890625 0.03828125 0.05546875
0 0.47421875 0.475 0.11328125 0.084375
0 0.43671875 0.47109375 0.03671875 0.04453125
0 0.48828125 0.4796875 0.0828125 0.0453125
0 0.62890625 0.5828125 0.053125 0.03671875
0 0.6765625 0.6203125 0.125 0.065625
0 0.72109375 0.65625 0.08828125 0.05390625
0 0.47890625 0.61484375 0.0484375 0.046875
0 0.6578125 0.4234375 0.06328125 0.04609375
0 0.53203125 0.4015625 0.11171875 0.07265625
0 0.8703125 0.8984375 0.23203125 0.17421875
0 0.35546875 0.5046875 0.09921875 0.05625
0 0.45078125 0.80234375 0.278125 0.10546875
0 0.5015625 0.384375 0.03828125 0.02578125
0 0.53125 0.41875 0.10625 0.02578125