0 0.07421875 0.66015625 0.146875 0.096875
0 0.13515625 0.584375 0.11875 0.04921875
0 0.18671875 0.540625 0.12578125 0.03203125
0 0.246875 0.47109375 0.0671875 0.03515625
0 0.309375 0.440625 0.06171875 0.02578125
0 0.27265625 0.40546875 0.1109375 0.02578125
0 0.35703125 0.37734375 0.04921875 0.02734375
0 0.41875 0.50859375 0.0859375 0.040625
0 0.4296875 0.609375 0.10078125 0.04765625
0 0.415625 0.71875 0.21640625 0.0953125
0 0.65625 0.8484375 0.13984375 0.13515625
0 0.5765625 0.64453125 0.12265625 0.05390625
0 0.54765625 0.56953125 0.096875 0.04921875
0 0.61796875 0.48359375 0.13125 0.05625
0 0.72734375 0.52109375 0.096875 0.0453125
0 0.8390625 0.34765625 0.09140625 0.07265625
0 0.521875 0.43203125 0.07421875 0.02890625
0 0.51875 0.3890625 0.06328125 0.02734375
0 0.4078125 0.3515625 0.08671875 0.0453125
0 0.9359375 0.4796875 0.128125 0.16875